   33
FINAL HEAT OF FORMATION = -1067.859550
C       -1.940224            0.819833             -0.12        
C       -2.774117            1.833115              0.17        
C       -0.441770            0.814685             -0.01        
C       -2.450674           -0.643724             -0.26        
C       -4.371177            1.815685              0.10        
O       -2.268611            3.133728              0.30        
C       -0.171217           -0.623242             -0.13        
C        0.397428            1.813997              0.16        
O       -1.200642           -1.463802             -0.37        
O       -3.425879           -1.135243             -0.38        
C       -4.742083            3.179760              0.14        
O       -5.089685            0.853311             -0.20        
C       -3.358992            3.925454              0.32        
C        1.145743           -0.907779             -0.20        
C        1.881252            1.382417              0.12        
C       -5.929760            3.723381              0.25        
O       -3.225848            5.235007              0.40        
C        2.200903            0.083624              0.08        
C       -7.260432            2.980741              0.25        
C       -6.143130            5.158177              0.35        
C       -8.532353            3.608286              0.35        
C       -7.560777            5.768635              0.24        
C       -8.614541            4.907370              0.22        
H        0.231672            2.866501              0.24        
H       -4.630387            0.127363             -0.28        
H        1.430585           -2.137191             -0.19        
H        2.664955            2.148068              0.44        
H        3.159859           -0.363666              0.10        
H       -7.150741            1.884861              0.17        
H       -5.249018            5.902071              0.22        
H       -9.225134            2.931697              0.26        
H       -7.629740            6.891565              0.27        
H       -9.540642            5.300497              0.39        
